1 15
2 4
3 6
4 5
5 5
6 1
7 11
8 8
9 12
10 6
11 9
12 1
13 12
14 8
15 13
16 6
17 0
18 0
19 1
20 9
21 10
22 13
23 16
24 29
25 23
26 10
27 0
28 0
29 17
30 5
31 1
32 14
33 7
34 3
35 9
36 1
37 7
38 8
39 9
40 5
41 17
42 5
43 12
44 8
45 6
46 0
47 0
48 3
49 10
50 6
51 3
52 0
53 32
54 7
55 8
56 6
57 1
58 0
59 8
60 0
61 10
62 8
63 7
64 24
65 3
66 1
67 0
68 4
69 1
70 6
71 10
72 1
73 1
74 7
75 16
76 13
77 1
78 14
79 1
80 14
81 16
82 11
83 4
84 7
85 8
86 3
87 9
88 0
89 8
90 0
91 11
92 3
93 19
94 10
95 5
96 6
97 3
98 1
99 13
100 9
101 22
102 6
103 10
104 6
105 8
106 16
107 18
108 10
109 0
110 3
111 0
112 1
113 2
114 7
115 1
116 13
117 3
118 19
119 2
120 8
121 18
122 6
123 15
124 7
125 4
126 3
127 1
128 1
129 0
130 11
131 7
132 1
133 0
134 2
135 15
136 9
137 14
138 20
139 1
140 1
141 6
142 3
143 8
144 21
145 17
146 4
147 5
148 6
149 8
150 9
151 6
152 15
153 1
154 1
155 6
156 2
157 16
158 1
159 1
160 13
161 6
162 1
163 8
164 1
165 8
166 4
167 12
168 10
169 13
170 11
171 17
172 3
173 6
174 11
175 11
